2025-08-22 15:32:46: performing queries from file '/home/giulio/sshash_queries/SRR11449743_1.fastq.gz'...
2025-08-22 15:35:10: DONE
==== query report:
num_kmers = 695737535
num_positive_kmers = 4754204 (0.683333%)
num_negative_kmers = 690972341 (99.3151%)
num_invalid_kmers = 10990 (0.00157962%)
num_searches = 3613872/4754204 (76.0142%)
num_extensions = 1140332/4754204 (23.9858%)
elapsed = 144520 millisec / 144.52 sec / 2.40867 min / 207.722 ns/kmer
2025-08-22 15:35:11: performing queries from file '/home/giulio/sshash_queries/SRR12858649.fastq.gz'...
2025-08-22 15:35:25: DONE
==== query report:
num_kmers = 163287360
num_positive_kmers = 790414 (0.484063%)
num_negative_kmers = 162496946 (99.5159%)
num_invalid_kmers = 0 (0%)
num_searches = 499575/790414 (63.2042%)
num_extensions = 290839/790414 (36.7958%)
elapsed = 14211.5 millisec / 14.2115 sec / 0.236859 min / 87.0339 ns/kmer
2025-08-22 15:35:26: performing queries from file '/home/giulio/sshash_queries/SRR5901135_1.fastq.gz'...
2025-08-22 15:36:57: DONE
==== query report:
num_kmers = 395433242
num_positive_kmers = 1134 (0.000286774%)
num_negative_kmers = 395408021 (99.9936%)
num_invalid_kmers = 24087 (0.00609129%)
num_searches = 895/1134 (78.9242%)
num_extensions = 239/1134 (21.0758%)
elapsed = 91073.5 millisec / 91.0735 sec / 1.51789 min / 230.313 ns/kmer
