2025-09-22 14:47:56: performing queries from file '/home/giulio/sshash_queries/SRR12858649.fastq.gz'...
2025-09-22 14:48:03: DONE
==== query report:
num_kmers = 163287360
num_positive_kmers = 132860997 (81.3664%)
num_negative_kmers = 30426363 (18.6336%)
num_invalid_kmers = 0 (0%)
num_searches = 7886675/132860997 (5.93603%)
num_extensions = 124974322/132860997 (94.064%)
elapsed = 7116.47 millisec / 7.11647 sec / 0.118608 min / 43.5825 ns/kmer
2025-09-22 14:48:04: performing queries from file '/home/giulio/sshash_queries/SRR11449743_1.fastq.gz'...
2025-09-22 14:48:48: DONE
==== query report:
num_kmers = 695737535
num_positive_kmers = 525542891 (75.5375%)
num_negative_kmers = 170183654 (24.4609%)
num_invalid_kmers = 10990 (0.00157962%)
num_searches = 13101335/525542891 (2.49291%)
num_extensions = 512441556/525542891 (97.5071%)
elapsed = 44111.6 millisec / 44.1116 sec / 0.735193 min / 63.4026 ns/kmer
2025-09-22 14:48:49: performing queries from file '/home/giulio/sshash_queries/SRR5833294.fastq.gz'...
2025-09-22 14:51:29: DONE
==== query report:
num_kmers = 1569974986
num_positive_kmers = 1437870528 (91.5856%)
num_negative_kmers = 131075447 (8.34889%)
num_invalid_kmers = 1029011 (0.0655431%)
num_searches = 110228289/1437870528 (7.66608%)
num_extensions = 1327642239/1437870528 (92.3339%)
elapsed = 159868 millisec / 159.868 sec / 2.66446 min / 101.828 ns/kmer
