2025-09-22 11:57:32: performing queries from file '/home/giulio/sshash_queries/SRR11449743_1.fastq.gz'...
2025-09-22 11:59:00: DONE
==== query report:
num_kmers = 695737535
num_positive_kmers = 4754204 (0.683333%)
num_negative_kmers = 690972341 (99.3151%)
num_invalid_kmers = 10990 (0.00157962%)
num_searches = 3613872/4754204 (76.0142%)
num_extensions = 1140332/4754204 (23.9858%)
elapsed = 87904.3 millisec / 87.9043 sec / 1.46507 min / 126.347 ns/kmer
2025-09-22 11:59:00: performing queries from file '/home/giulio/sshash_queries/SRR12858649.fastq.gz'...
2025-09-22 11:59:07: DONE
==== query report:
num_kmers = 163287360
num_positive_kmers = 790414 (0.484063%)
num_negative_kmers = 162496946 (99.5159%)
num_invalid_kmers = 0 (0%)
num_searches = 499575/790414 (63.2042%)
num_extensions = 290839/790414 (36.7958%)
elapsed = 7198.34 millisec / 7.19834 sec / 0.119972 min / 44.0839 ns/kmer
2025-09-22 11:59:08: performing queries from file '/home/giulio/sshash_queries/SRR5901135_1.fastq.gz'...
2025-09-22 11:59:59: DONE
==== query report:
num_kmers = 395433242
num_positive_kmers = 1134 (0.000286774%)
num_negative_kmers = 395408021 (99.9936%)
num_invalid_kmers = 24087 (0.00609129%)
num_searches = 895/1134 (78.9242%)
num_extensions = 239/1134 (21.0758%)
elapsed = 50901.6 millisec / 50.9016 sec / 0.848359 min / 128.724 ns/kmer
