2025-08-23 09:38:00: performing queries from file '/home/giulio/sshash_queries/SRR11449743_1.fastq.gz'...
2025-08-23 09:38:47: DONE
==== query report:
num_kmers = 461383839
num_positive_kmers = 756097 (0.163876%)
num_negative_kmers = 460616752 (99.8337%)
num_invalid_kmers = 10990 (0.00238196%)
num_searches = 631375/756097 (83.5045%)
num_extensions = 124722/756097 (16.4955%)
elapsed = 47146.1 millisec / 47.1461 sec / 0.785768 min / 102.184 ns/kmer
2025-08-23 09:38:47: performing queries from file '/home/giulio/sshash_queries/SRR12858649.fastq.gz'...
2025-08-23 09:38:53: DONE
==== query report:
num_kmers = 97972416
num_positive_kmers = 41066 (0.0419159%)
num_negative_kmers = 97931350 (99.9581%)
num_invalid_kmers = 0 (0%)
num_searches = 39909/41066 (97.1826%)
num_extensions = 1157/41066 (2.81742%)
elapsed = 5930.07 millisec / 5.93008 sec / 0.0988346 min / 60.528 ns/kmer
2025-08-23 09:38:54: performing queries from file '/home/giulio/sshash_queries/SRR5901135_1.fastq.gz'...
2025-08-23 09:39:25: DONE
==== query report:
num_kmers = 322085785
num_positive_kmers = 8 (2.48381e-06%)
num_negative_kmers = 322073557 (99.9962%)
num_invalid_kmers = 12220 (0.00379402%)
num_searches = 7/8 (87.5%)
num_extensions = 1/8 (12.5%)
elapsed = 30772.8 millisec / 30.7728 sec / 0.512881 min / 95.5424 ns/kmer
