2025-08-23 09:39:25: performing queries from file '/home/giulio/sshash_queries/SRR11449743_1.fastq.gz'...
2025-08-23 09:40:04: DONE
==== query report:
num_kmers = 461383839
num_positive_kmers = 756097 (0.163876%)
num_negative_kmers = 460616752 (99.8337%)
num_invalid_kmers = 10990 (0.00238196%)
num_searches = 631375/756097 (83.5045%)
num_extensions = 124722/756097 (16.4955%)
elapsed = 38764.7 millisec / 38.7647 sec / 0.646078 min / 84.0183 ns/kmer
2025-08-23 09:40:04: performing queries from file '/home/giulio/sshash_queries/SRR12858649.fastq.gz'...
2025-08-23 09:40:09: DONE
==== query report:
num_kmers = 97972416
num_positive_kmers = 41066 (0.0419159%)
num_negative_kmers = 97931350 (99.9581%)
num_invalid_kmers = 0 (0%)
num_searches = 39909/41066 (97.1826%)
num_extensions = 1157/41066 (2.81742%)
elapsed = 5264.96 millisec / 5.26496 sec / 0.0877494 min / 53.7392 ns/kmer
2025-08-23 09:40:10: performing queries from file '/home/giulio/sshash_queries/SRR5901135_1.fastq.gz'...
2025-08-23 09:40:33: DONE
==== query report:
num_kmers = 322085785
num_positive_kmers = 8 (2.48381e-06%)
num_negative_kmers = 322073557 (99.9962%)
num_invalid_kmers = 12220 (0.00379402%)
num_searches = 7/8 (87.5%)
num_extensions = 1/8 (12.5%)
elapsed = 23143.3 millisec / 23.1433 sec / 0.385721 min / 71.8544 ns/kmer
